Pixel array offset: 54
Width: 200
Height: 200
(92, 160, 137)
(29, 121, 92)
(108, 110, 40)
(93, 79, 7)
(95, 161, 137)
(30, 122, 93)
(108, 110, 40)
(96, 81, 9)
(106, 170, 145)
(33, 123, 94)
(109, 111, 41)
(96, 81, 9)
(127, 182, 157)
(35, 125, 96)
(109, 111, 41)
(98, 81, 10)
(169, 208, 184)
(37, 127, 98)
(111, 113, 43)
(100, 82, 11)
(96, 161, 139)
(29, 121, 92)
(109, 111, 41)
(94, 80, 8)
(94, 159, 136)
(30, 122, 93)
(109, 111, 41)
(96, 81, 9)
(100, 164, 139)
(33, 123, 94)
(109, 111, 41)
(96, 81, 9)
(113, 170, 145)
(35, 125, 96)
(109, 111, 41)
(97, 81, 9)
(153, 196, 170)
(37, 127, 98)
(111, 113, 43)
(99, 81, 10)
(96, 161, 139)
(29, 121, 92)
(110, 112, 42)
(94, 80, 8)
(92, 158, 134)
(30, 122, 93)
(110, 112, 42)
(97, 82, 10)
(93, 160, 134)
(33, 123, 94)
(110, 112, 42)
(96, 81, 9)
(101, 163, 137)
(35, 125, 96)
(111, 113, 43)
(98, 81, 10)
(135, 185, 158)
(37, 127, 98)
(112, 114, 44)
(99, 81, 10)
(96, 161, 139)
(29, 121, 92)
(111, 113, 43)
(95, 81, 9)
(90, 158, 134)
(31, 123, 94)
(111, 113, 43)
(97, 82, 10)
(87, 158, 132)
(33, 123, 94)
(111, 113, 43)
(97, 82, 10)
(93, 160, 133)
(35, 125, 96)
(112, 114, 44)
(98, 81, 10)
(119, 175, 148)
(37, 127, 98)
(113, 115, 45)
(100, 82, 11)
(92, 160, 137)
(30, 121, 95)
(112, 114, 44)
(96, 82, 10)
(87, 158, 133)
(31, 122, 96)
(112, 114, 44)
(98, 83, 11)
(83, 157, 131)
(33, 122, 96)
(112, 114, 44)
(98, 83, 11)
(83, 156, 128)
(35, 124, 98)
(113, 115, 45)
(100, 83, 12)
(102, 165, 137)
(37, 126, 100)
(115, 117, 47)
(102, 84, 13)
