Pixel array offset: 54
Width: 1400
Height: 916
(44, 40, 22)
(57, 52, 31)
(170, 125, 88)
(137, 97, 49)
(45, 41, 23)
(60, 55, 34)
(167, 122, 85)
(139, 99, 51)
(46, 42, 24)
(62, 57, 36)
(164, 119, 82)
(141, 101, 53)
(46, 42, 24)
(60, 55, 34)
(164, 119, 82)
(142, 102, 54)
(43, 39, 21)
(55, 50, 29)
(166, 121, 84)
(143, 103, 55)
(44, 40, 22)
(54, 49, 28)
(168, 123, 86)
(138, 98, 50)
(47, 43, 25)
(56, 51, 30)
(165, 120, 83)
(139, 99, 51)
(50, 46, 28)
(57, 52, 31)
(163, 118, 81)
(140, 100, 52)
(50, 46, 28)
(56, 51, 30)
(163, 118, 81)
(141, 101, 53)
(48, 44, 26)
(52, 47, 26)
(165, 120, 83)
(141, 101, 53)
(30, 26, 8)
(40, 36, 17)
(164, 119, 82)
(140, 100, 52)
(32, 28, 10)
(39, 35, 16)
(163, 118, 81)
(139, 99, 51)
(35, 31, 13)
(37, 33, 14)
(161, 116, 79)
(139, 99, 51)
(37, 33, 15)
(35, 31, 12)
(162, 117, 80)
(139, 99, 51)
(36, 32, 14)
(31, 27, 8)
(163, 118, 81)
(139, 99, 51)
(7, 4, 0)
(24, 20, 2)
(163, 118, 81)
(140, 100, 52)
(8, 5, 0)
(22, 18, 0)
(163, 118, 81)
(139, 99, 51)
(11, 8, 0)
(21, 17, 0)
(162, 117, 80)
(138, 98, 50)
(14, 11, 0)
(20, 18, 0)
(163, 118, 81)
(137, 97, 49)
(17, 14, 0)
(22, 20, 2)
(164, 119, 82)
(138, 98, 50)
(22, 20, 9)
(21, 18, 4)
(164, 119, 82)
(138, 99, 54)
(16, 14, 3)
(21, 18, 4)
(164, 119, 82)
(137, 98, 53)
(7, 5, 0)
(23, 19, 8)
(165, 120, 83)
(135, 96, 51)
(5, 3, 0)
(23, 21, 10)
(165, 120, 83)
(135, 96, 51)
(5, 3, 0)
(25, 23, 12)
(165, 120, 83)
(135, 96, 51)
